Python 3.12.5 (v3.12.5:ff3bc82f7c9, Aug  7 2024, 05:32:06) [Clang 13.0.0 (clang-1300.0.29.30)] on darwin
Type "help", "copyright", "credits" or "license()" for more information.
>>> 
============ RESTART: /Users/alexandramartinez/Documents/7.24 pt1.py ===========
[[0. 0. 0. 0. 0. 0. 0. 0.]
 [0. 0. 0. 0. 0. 0. 0. 0.]
 [0. 0. 0. 0. 0. 0. 0. 0.]
 [0. 0. 0. 0. 1. 0. 0. 0.]
 [0. 0. 0. 0. 0. 0. 0. 0.]
 [0. 0. 0. 0. 0. 0. 0. 0.]
 [0. 0. 0. 0. 0. 0. 0. 0.]
 [0. 0. 0. 0. 0. 0. 0. 0.]]
Enter move number(1-8): 2
[[0. 0. 0. 0. 0. 0. 0. 0.]
 [0. 0. 0. 0. 0. 2. 0. 0.]
 [0. 0. 0. 0. 0. 0. 0. 0.]
 [0. 0. 0. 0. 1. 0. 0. 0.]
 [0. 0. 0. 0. 0. 0. 0. 0.]
 [0. 0. 0. 0. 0. 0. 0. 0.]
 [0. 0. 0. 0. 0. 0. 0. 0.]
 [0. 0. 0. 0. 0. 0. 0. 0.]]
Enter move number(1-8): 1
[[0. 0. 0. 0. 0. 0. 0. 3.]
 [0. 0. 0. 0. 0. 2. 0. 0.]
 [0. 0. 0. 0. 0. 0. 0. 0.]
 [0. 0. 0. 0. 1. 0. 0. 0.]
 [0. 0. 0. 0. 0. 0. 0. 0.]
 [0. 0. 0. 0. 0. 0. 0. 0.]
 [0. 0. 0. 0. 0. 0. 0. 0.]
 [0. 0. 0. 0. 0. 0. 0. 0.]]
Enter move number(1-8): 6
[[0. 0. 0. 0. 0. 0. 0. 3.]
 [0. 0. 0. 0. 0. 2. 0. 0.]
 [0. 0. 0. 0. 0. 0. 4. 0.]
 [0. 0. 0. 0. 1. 0. 0. 0.]
 [0. 0. 0. 0. 0. 0. 0. 0.]
 [0. 0. 0. 0. 0. 0. 0. 0.]
 [0. 0. 0. 0. 0. 0. 0. 0.]
 [0. 0. 0. 0. 0. 0. 0. 0.]]
Enter move number(1-8): 3
[[0. 0. 0. 0. 0. 5. 0. 3.]
 [0. 0. 0. 0. 0. 2. 0. 0.]
 [0. 0. 0. 0. 0. 0. 4. 0.]
 [0. 0. 0. 0. 1. 0. 0. 0.]
 [0. 0. 0. 0. 0. 0. 0. 0.]
 [0. 0. 0. 0. 0. 0. 0. 0.]
 [0. 0. 0. 0. 0. 0. 0. 0.]
 [0. 0. 0. 0. 0. 0. 0. 0.]]
Enter move number(1-8): 6
[[0. 0. 0. 0. 0. 5. 0. 3.]
 [0. 0. 0. 0. 0. 2. 0. 0.]
 [0. 0. 0. 0. 6. 0. 4. 0.]
 [0. 0. 0. 0. 1. 0. 0. 0.]
 [0. 0. 0. 0. 0. 0. 0. 0.]
 [0. 0. 0. 0. 0. 0. 0. 0.]
 [0. 0. 0. 0. 0. 0. 0. 0.]
 [0. 0. 0. 0. 0. 0. 0. 0.]]
Enter move number(1-8): 1
[[0. 0. 0. 0. 0. 5. 0. 3.]
 [0. 0. 0. 0. 0. 2. 7. 0.]
 [0. 0. 0. 0. 6. 0. 4. 0.]
 [0. 0. 0. 0. 1. 0. 0. 0.]
 [0. 0. 0. 0. 0. 0. 0. 0.]
 [0. 0. 0. 0. 0. 0. 0. 0.]
 [0. 0. 0. 0. 0. 0. 0. 0.]
 [0. 0. 0. 0. 0. 0. 0. 0.]]
Enter move number(1-8): 4
[[0. 0. 0. 0. 8. 5. 0. 3.]
 [0. 0. 0. 0. 0. 2. 7. 0.]
 [0. 0. 0. 0. 6. 0. 4. 0.]
 [0. 0. 0. 0. 1. 0. 0. 0.]
 [0. 0. 0. 0. 0. 0. 0. 0.]
 [0. 0. 0. 0. 0. 0. 0. 0.]
 [0. 0. 0. 0. 0. 0. 0. 0.]
 [0. 0. 0. 0. 0. 0. 0. 0.]]
Enter move number(1-8): 7
[[0. 0. 0. 0. 8. 5. 0. 3.]
 [0. 0. 0. 0. 0. 2. 7. 0.]
 [0. 0. 0. 0. 6. 9. 4. 0.]
 [0. 0. 0. 0. 1. 0. 0. 0.]
 [0. 0. 0. 0. 0. 0. 0. 0.]
 [0. 0. 0. 0. 0. 0. 0. 0.]
 [0. 0. 0. 0. 0. 0. 0. 0.]
 [0. 0. 0. 0. 0. 0. 0. 0.]]
Enter move number(1-8): 1
[[ 0.  0.  0.  0.  8.  5.  0.  3.]
 [ 0.  0.  0.  0.  0.  2.  7. 10.]
 [ 0.  0.  0.  0.  6.  9.  4.  0.]
 [ 0.  0.  0.  0.  1.  0.  0.  0.]
 [ 0.  0.  0.  0.  0.  0.  0.  0.]
 [ 0.  0.  0.  0.  0.  0.  0.  0.]
 [ 0.  0.  0.  0.  0.  0.  0.  0.]
 [ 0.  0.  0.  0.  0.  0.  0.  0.]]
Enter move number(1-8): 6
[[ 0.  0.  0.  0.  8.  5.  0.  3.]
 [ 0.  0.  0.  0.  0.  2.  7. 10.]
 [ 0.  0.  0.  0.  6.  9.  4.  0.]
 [ 0.  0.  0.  0.  1.  0. 11.  0.]
 [ 0.  0.  0.  0.  0.  0.  0.  0.]
 [ 0.  0.  0.  0.  0.  0.  0.  0.]
 [ 0.  0.  0.  0.  0.  0.  0.  0.]
 [ 0.  0.  0.  0.  0.  0.  0.  0.]]
Enter move number(1-8): 7
[[ 0.  0.  0.  0.  8.  5.  0.  3.]
 [ 0.  0.  0.  0.  0.  2.  7. 10.]
 [ 0.  0.  0.  0.  6.  9.  4.  0.]
 [ 0.  0.  0.  0.  1.  0. 11.  0.]
 [ 0.  0.  0.  0.  0.  0.  0.  0.]
 [ 0.  0.  0.  0.  0.  0.  0. 12.]
 [ 0.  0.  0.  0.  0.  0.  0.  0.]
 [ 0.  0.  0.  0.  0.  0.  0.  0.]]
Enter move number(1-8): 4
[[ 0.  0.  0.  0.  8.  5.  0.  3.]
 [ 0.  0.  0.  0.  0.  2.  7. 10.]
 [ 0.  0.  0.  0.  6.  9.  4.  0.]
 [ 0.  0.  0.  0.  1.  0. 11.  0.]
 [ 0.  0.  0.  0.  0. 13.  0.  0.]
 [ 0.  0.  0.  0.  0.  0.  0. 12.]
 [ 0.  0.  0.  0.  0.  0.  0.  0.]
 [ 0.  0.  0.  0.  0.  0.  0.  0.]]
Enter move number(1-8): 1
[[ 0.  0.  0.  0.  8.  5.  0.  3.]
 [ 0.  0.  0.  0.  0.  2.  7. 10.]
 [ 0.  0.  0.  0.  6.  9.  4.  0.]
 [ 0.  0.  0.  0.  1.  0. 11. 14.]
 [ 0.  0.  0.  0.  0. 13.  0.  0.]
 [ 0.  0.  0.  0.  0.  0.  0. 12.]
 [ 0.  0.  0.  0.  0.  0.  0.  0.]
 [ 0.  0.  0.  0.  0.  0.  0.  0.]]
Enter move number(1-8): 6
[[ 0.  0.  0.  0.  8.  5.  0.  3.]
 [ 0.  0.  0.  0.  0.  2.  7. 10.]
 [ 0.  0.  0.  0.  6.  9.  4.  0.]
 [ 0.  0.  0.  0.  1.  0. 11. 14.]
 [ 0.  0.  0.  0.  0. 13.  0.  0.]
 [ 0.  0.  0.  0.  0.  0. 15. 12.]
 [ 0.  0.  0.  0.  0.  0.  0.  0.]
 [ 0.  0.  0.  0.  0.  0.  0.  0.]]
Enter move number(1-8): 3
[[ 0.  0.  0.  0.  8.  5.  0.  3.]
 [ 0.  0.  0.  0.  0.  2.  7. 10.]
 [ 0.  0.  0.  0.  6.  9.  4.  0.]
 [ 0.  0.  0.  0.  1. 16. 11. 14.]
 [ 0.  0.  0.  0.  0. 13.  0.  0.]
 [ 0.  0.  0.  0.  0.  0. 15. 12.]
 [ 0.  0.  0.  0.  0.  0.  0.  0.]
 [ 0.  0.  0.  0.  0.  0.  0.  0.]]
Enter move number(1-8): 1
[[ 0.  0.  0.  0.  8.  5.  0.  3.]
 [ 0.  0.  0.  0.  0.  2.  7. 10.]
 [ 0.  0.  0.  0.  6.  9.  4. 17.]
 [ 0.  0.  0.  0.  1. 16. 11. 14.]
 [ 0.  0.  0.  0.  0. 13.  0.  0.]
 [ 0.  0.  0.  0.  0.  0. 15. 12.]
 [ 0.  0.  0.  0.  0.  0.  0.  0.]
 [ 0.  0.  0.  0.  0.  0.  0.  0.]]
Enter move number(1-8): 3
[[ 0.  0.  0.  0.  8.  5. 18.  3.]
 [ 0.  0.  0.  0.  0.  2.  7. 10.]
 [ 0.  0.  0.  0.  6.  9.  4. 17.]
 [ 0.  0.  0.  0.  1. 16. 11. 14.]
 [ 0.  0.  0.  0.  0. 13.  0.  0.]
 [ 0.  0.  0.  0.  0.  0. 15. 12.]
 [ 0.  0.  0.  0.  0.  0.  0.  0.]
 [ 0.  0.  0.  0.  0.  0.  0.  0.]]
Enter move number(1-8): 5
[[ 0.  0.  0.  0.  8.  5. 18.  3.]
 [ 0.  0.  0.  0. 19.  2.  7. 10.]
 [ 0.  0.  0.  0.  6.  9.  4. 17.]
 [ 0.  0.  0.  0.  1. 16. 11. 14.]
 [ 0.  0.  0.  0.  0. 13.  0.  0.]
 [ 0.  0.  0.  0.  0.  0. 15. 12.]
 [ 0.  0.  0.  0.  0.  0.  0.  0.]
 [ 0.  0.  0.  0.  0.  0.  0.  0.]]
Enter move number(1-8): 4
[[ 0.  0. 20.  0.  8.  5. 18.  3.]
 [ 0.  0.  0.  0. 19.  2.  7. 10.]
 [ 0.  0.  0.  0.  6.  9.  4. 17.]
 [ 0.  0.  0.  0.  1. 16. 11. 14.]
 [ 0.  0.  0.  0.  0. 13.  0.  0.]
 [ 0.  0.  0.  0.  0.  0. 15. 12.]
 [ 0.  0.  0.  0.  0.  0.  0.  0.]
 [ 0.  0.  0.  0.  0.  0.  0.  0.]]
Enter move number(1-8): 5
[[ 0.  0. 20.  0.  8.  5. 18.  3.]
 [21.  0.  0.  0. 19.  2.  7. 10.]
 [ 0.  0.  0.  0.  6.  9.  4. 17.]
 [ 0.  0.  0.  0.  1. 16. 11. 14.]
 [ 0.  0.  0.  0.  0. 13.  0.  0.]
 [ 0.  0.  0.  0.  0.  0. 15. 12.]
 [ 0.  0.  0.  0.  0.  0.  0.  0.]
 [ 0.  0.  0.  0.  0.  0.  0.  0.]]
Enter move number(1-8): 7
[[ 0.  0. 20.  0.  8.  5. 18.  3.]
 [21.  0.  0.  0. 19.  2.  7. 10.]
 [ 0.  0.  0.  0.  6.  9.  4. 17.]
 [ 0. 22.  0.  0.  1. 16. 11. 14.]
 [ 0.  0.  0.  0.  0. 13.  0.  0.]
 [ 0.  0.  0.  0.  0.  0. 15. 12.]
 [ 0.  0.  0.  0.  0.  0.  0.  0.]
 [ 0.  0.  0.  0.  0.  0.  0.  0.]]
Enter move number(1-8): 2
[[ 0.  0. 20.  0.  8.  5. 18.  3.]
 [21.  0. 23.  0. 19.  2.  7. 10.]
 [ 0.  0.  0.  0.  6.  9.  4. 17.]
 [ 0. 22.  0.  0.  1. 16. 11. 14.]
 [ 0.  0.  0.  0.  0. 13.  0.  0.]
 [ 0.  0.  0.  0.  0.  0. 15. 12.]
 [ 0.  0.  0.  0.  0.  0.  0.  0.]
 [ 0.  0.  0.  0.  0.  0.  0.  0.]]
Enter move number(1-8): 4
[[24.  0. 20.  0.  8.  5. 18.  3.]
 [21.  0. 23.  0. 19.  2.  7. 10.]
 [ 0.  0.  0.  0.  6.  9.  4. 17.]
 [ 0. 22.  0.  0.  1. 16. 11. 14.]
 [ 0.  0.  0.  0.  0. 13.  0.  0.]
 [ 0.  0.  0.  0.  0.  0. 15. 12.]
 [ 0.  0.  0.  0.  0.  0.  0.  0.]
 [ 0.  0.  0.  0.  0.  0.  0.  0.]]
Enter move number(1-8): 2
The knight will land off the chessboard.
[[24.  0. 20.  0.  8.  5. 18.  3.]
 [21.  0. 23.  0. 19.  2.  7. 10.]
 [ 0.  0.  0.  0.  6.  9.  4. 17.]
 [ 0. 22.  0.  0.  1. 16. 11. 14.]
 [ 0.  0.  0.  0.  0. 13.  0.  0.]
 [ 0.  0.  0.  0.  0.  0. 15. 12.]
 [ 0.  0.  0.  0.  0.  0.  0.  0.]
 [ 0.  0.  0.  0.  0.  0.  0.  0.]]
Enter move number(1-8): 7
[[24.  0. 20.  0.  8.  5. 18.  3.]
 [21.  0. 23.  0. 19.  2.  7. 10.]
 [ 0. 25.  0.  0.  6.  9.  4. 17.]
 [ 0. 22.  0.  0.  1. 16. 11. 14.]
 [ 0.  0.  0.  0.  0. 13.  0.  0.]
 [ 0.  0.  0.  0.  0.  0. 15. 12.]
 [ 0.  0.  0.  0.  0.  0.  0.  0.]
 [ 0.  0.  0.  0.  0.  0.  0.  0.]]
Enter move number(1-8): 1
[[24.  0. 20.  0.  8.  5. 18.  3.]
 [21.  0. 23. 26. 19.  2.  7. 10.]
 [ 0. 25.  0.  0.  6.  9.  4. 17.]
 [ 0. 22.  0.  0.  1. 16. 11. 14.]
 [ 0.  0.  0.  0.  0. 13.  0.  0.]
 [ 0.  0.  0.  0.  0.  0. 15. 12.]
 [ 0.  0.  0.  0.  0.  0.  0.  0.]
 [ 0.  0.  0.  0.  0.  0.  0.  0.]]
Enter move number(1-8): 4
[[24. 27. 20.  0.  8.  5. 18.  3.]
 [21.  0. 23. 26. 19.  2.  7. 10.]
 [ 0. 25.  0.  0.  6.  9.  4. 17.]
 [ 0. 22.  0.  0.  1. 16. 11. 14.]
 [ 0.  0.  0.  0.  0. 13.  0.  0.]
 [ 0.  0.  0.  0.  0.  0. 15. 12.]
 [ 0.  0.  0.  0.  0.  0.  0.  0.]
 [ 0.  0.  0.  0.  0.  0.  0.  0.]]
Enter move number(1-8): 6
[[24. 27. 20.  0.  8.  5. 18.  3.]
 [21.  0. 23. 26. 19.  2.  7. 10.]
 [28. 25.  0.  0.  6.  9.  4. 17.]
 [ 0. 22.  0.  0.  1. 16. 11. 14.]
 [ 0.  0.  0.  0.  0. 13.  0.  0.]
 [ 0.  0.  0.  0.  0.  0. 15. 12.]
 [ 0.  0.  0.  0.  0.  0.  0.  0.]
 [ 0.  0.  0.  0.  0.  0.  0.  0.]]
Enter move number(1-8): 7
[[24. 27. 20.  0.  8.  5. 18.  3.]
 [21.  0. 23. 26. 19.  2.  7. 10.]
 [28. 25.  0.  0.  6.  9.  4. 17.]
 [ 0. 22.  0.  0.  1. 16. 11. 14.]
 [ 0. 29.  0.  0.  0. 13.  0.  0.]
 [ 0.  0.  0.  0.  0.  0. 15. 12.]
 [ 0.  0.  0.  0.  0.  0.  0.  0.]
 [ 0.  0.  0.  0.  0.  0.  0.  0.]]
Enter move number(1-8): 1
[[24. 27. 20.  0.  8.  5. 18.  3.]
 [21.  0. 23. 26. 19.  2.  7. 10.]
 [28. 25.  0.  0.  6.  9.  4. 17.]
 [ 0. 22.  0. 30.  1. 16. 11. 14.]
 [ 0. 29.  0.  0.  0. 13.  0.  0.]
 [ 0.  0.  0.  0.  0.  0. 15. 12.]
 [ 0.  0.  0.  0.  0.  0.  0.  0.]
 [ 0.  0.  0.  0.  0.  0.  0.  0.]]
Enter move number(1-8): 6
[[24. 27. 20.  0.  8.  5. 18.  3.]
 [21.  0. 23. 26. 19.  2.  7. 10.]
 [28. 25.  0.  0.  6.  9.  4. 17.]
 [ 0. 22.  0. 30.  1. 16. 11. 14.]
 [ 0. 29.  0.  0.  0. 13.  0.  0.]
 [ 0.  0. 31.  0.  0.  0. 15. 12.]
 [ 0.  0.  0.  0.  0.  0.  0.  0.]
 [ 0.  0.  0.  0.  0.  0.  0.  0.]]
Enter move number(1-8): 4
[[24. 27. 20.  0.  8.  5. 18.  3.]
 [21.  0. 23. 26. 19.  2.  7. 10.]
 [28. 25.  0.  0.  6.  9.  4. 17.]
 [ 0. 22.  0. 30.  1. 16. 11. 14.]
 [32. 29.  0.  0.  0. 13.  0.  0.]
 [ 0.  0. 31.  0.  0.  0. 15. 12.]
 [ 0.  0.  0.  0.  0.  0.  0.  0.]
 [ 0.  0.  0.  0.  0.  0.  0.  0.]]
Enter move number(1-8): 4
The knight will land off the chessboard.
[[24. 27. 20.  0.  8.  5. 18.  3.]
 [21.  0. 23. 26. 19.  2.  7. 10.]
 [28. 25.  0.  0.  6.  9.  4. 17.]
 [ 0. 22.  0. 30.  1. 16. 11. 14.]
 [32. 29.  0.  0.  0. 13.  0.  0.]
 [ 0.  0. 31.  0.  0.  0. 15. 12.]
 [ 0.  0.  0.  0.  0.  0.  0.  0.]
 [ 0.  0.  0.  0.  0.  0.  0.  0.]]
Enter move number(1-8): 2
The knight has already visted this square.
[[24. 27. 20.  0.  8.  5. 18.  3.]
 [21.  0. 23. 26. 19.  2.  7. 10.]
 [28. 25.  0.  0.  6.  9.  4. 17.]
 [ 0. 22.  0. 30.  1. 16. 11. 14.]
 [32. 29.  0.  0.  0. 13.  0.  0.]
 [ 0.  0. 31.  0.  0.  0. 15. 12.]
 [ 0.  0.  0.  0.  0.  0.  0.  0.]
 [ 0.  0.  0.  0.  0.  0.  0.  0.]]
Enter move number(1-8): 1
[[24. 27. 20.  0.  8.  5. 18.  3.]
 [21.  0. 23. 26. 19.  2.  7. 10.]
 [28. 25.  0.  0.  6.  9.  4. 17.]
 [ 0. 22. 33. 30.  1. 16. 11. 14.]
 [32. 29.  0.  0.  0. 13.  0.  0.]
 [ 0.  0. 31.  0.  0.  0. 15. 12.]
 [ 0.  0.  0.  0.  0.  0.  0.  0.]
 [ 0.  0.  0.  0.  0.  0.  0.  0.]]
Enter move number(1-8): 3
[[24. 27. 20.  0.  8.  5. 18.  3.]
 [21. 34. 23. 26. 19.  2.  7. 10.]
 [28. 25.  0.  0.  6.  9.  4. 17.]
 [ 0. 22. 33. 30.  1. 16. 11. 14.]
 [32. 29.  0.  0.  0. 13.  0.  0.]
 [ 0.  0. 31.  0.  0.  0. 15. 12.]
 [ 0.  0.  0.  0.  0.  0.  0.  0.]
 [ 0.  0.  0.  0.  0.  0.  0.  0.]]
Enter move number(1-8): 8
[[24. 27. 20.  0.  8.  5. 18.  3.]
 [21. 34. 23. 26. 19.  2.  7. 10.]
 [28. 25.  0. 35.  6.  9.  4. 17.]
 [ 0. 22. 33. 30.  1. 16. 11. 14.]
 [32. 29.  0.  0.  0. 13.  0.  0.]
 [ 0.  0. 31.  0.  0.  0. 15. 12.]
 [ 0.  0.  0.  0.  0.  0.  0.  0.]
 [ 0.  0.  0.  0.  0.  0.  0.  0.]]
Enter move number(1-8): 6
[[24. 27. 20.  0.  8.  5. 18.  3.]
 [21. 34. 23. 26. 19.  2.  7. 10.]
 [28. 25.  0. 35.  6.  9.  4. 17.]
 [ 0. 22. 33. 30.  1. 16. 11. 14.]
 [32. 29. 36.  0.  0. 13.  0.  0.]
 [ 0.  0. 31.  0.  0.  0. 15. 12.]
 [ 0.  0.  0.  0.  0.  0.  0.  0.]
 [ 0.  0.  0.  0.  0.  0.  0.  0.]]
Enter move number(1-8): 5
[[24. 27. 20.  0.  8.  5. 18.  3.]
 [21. 34. 23. 26. 19.  2.  7. 10.]
 [28. 25.  0. 35.  6.  9.  4. 17.]
 [ 0. 22. 33. 30.  1. 16. 11. 14.]
 [32. 29. 36.  0.  0. 13.  0.  0.]
 [37.  0. 31.  0.  0.  0. 15. 12.]
 [ 0.  0.  0.  0.  0.  0.  0.  0.]
 [ 0.  0.  0.  0.  0.  0.  0.  0.]]
Enter move number(1-8): 7
[[24. 27. 20.  0.  8.  5. 18.  3.]
 [21. 34. 23. 26. 19.  2.  7. 10.]
 [28. 25.  0. 35.  6.  9.  4. 17.]
 [ 0. 22. 33. 30.  1. 16. 11. 14.]
 [32. 29. 36.  0.  0. 13.  0.  0.]
 [37.  0. 31.  0.  0.  0. 15. 12.]
 [ 0.  0.  0.  0.  0.  0.  0.  0.]
 [ 0. 38.  0.  0.  0.  0.  0.  0.]]
Enter move number(1-8): 1
[[24. 27. 20.  0.  8.  5. 18.  3.]
 [21. 34. 23. 26. 19.  2.  7. 10.]
 [28. 25.  0. 35.  6.  9.  4. 17.]
 [ 0. 22. 33. 30.  1. 16. 11. 14.]
 [32. 29. 36.  0.  0. 13.  0.  0.]
 [37.  0. 31.  0.  0.  0. 15. 12.]
 [ 0.  0.  0. 39.  0.  0.  0.  0.]
 [ 0. 38.  0.  0.  0.  0.  0.  0.]]
Enter move number(1-8): 2
[[24. 27. 20.  0.  8.  5. 18.  3.]
 [21. 34. 23. 26. 19.  2.  7. 10.]
 [28. 25.  0. 35.  6.  9.  4. 17.]
 [ 0. 22. 33. 30.  1. 16. 11. 14.]
 [32. 29. 36.  0. 40. 13.  0.  0.]
 [37.  0. 31.  0.  0.  0. 15. 12.]
 [ 0.  0.  0. 39.  0.  0.  0.  0.]
 [ 0. 38.  0.  0.  0.  0.  0.  0.]]
Enter move number(1-8): 7
[[24. 27. 20.  0.  8.  5. 18.  3.]
 [21. 34. 23. 26. 19.  2.  7. 10.]
 [28. 25.  0. 35.  6.  9.  4. 17.]
 [ 0. 22. 33. 30.  1. 16. 11. 14.]
 [32. 29. 36.  0. 40. 13.  0.  0.]
 [37.  0. 31.  0.  0.  0. 15. 12.]
 [ 0.  0.  0. 39.  0. 41.  0.  0.]
 [ 0. 38.  0.  0.  0.  0.  0.  0.]]
Enter move number(1-8): 2
[[24. 27. 20.  0.  8.  5. 18.  3.]
 [21. 34. 23. 26. 19.  2.  7. 10.]
 [28. 25.  0. 35.  6.  9.  4. 17.]
 [ 0. 22. 33. 30.  1. 16. 11. 14.]
 [32. 29. 36.  0. 40. 13. 42.  0.]
 [37.  0. 31.  0.  0.  0. 15. 12.]
 [ 0.  0.  0. 39.  0. 41.  0.  0.]
 [ 0. 38.  0.  0.  0.  0.  0.  0.]]
Enter move number(1-8): 7
[[24. 27. 20.  0.  8.  5. 18.  3.]
 [21. 34. 23. 26. 19.  2.  7. 10.]
 [28. 25.  0. 35.  6.  9.  4. 17.]
 [ 0. 22. 33. 30.  1. 16. 11. 14.]
 [32. 29. 36.  0. 40. 13. 42.  0.]
 [37.  0. 31.  0.  0.  0. 15. 12.]
 [ 0.  0.  0. 39.  0. 41.  0. 43.]
 [ 0. 38.  0.  0.  0.  0.  0.  0.]]
Enter move number(1-8): 5
[[24. 27. 20.  0.  8.  5. 18.  3.]
 [21. 34. 23. 26. 19.  2.  7. 10.]
 [28. 25.  0. 35.  6.  9.  4. 17.]
 [ 0. 22. 33. 30.  1. 16. 11. 14.]
 [32. 29. 36.  0. 40. 13. 42.  0.]
 [37.  0. 31.  0.  0.  0. 15. 12.]
 [ 0.  0.  0. 39.  0. 41.  0. 43.]
 [ 0. 38.  0.  0.  0. 44.  0.  0.]]
Enter move number(1-8): 3
[[24. 27. 20.  0.  8.  5. 18.  3.]
 [21. 34. 23. 26. 19.  2.  7. 10.]
 [28. 25.  0. 35.  6.  9.  4. 17.]
 [ 0. 22. 33. 30.  1. 16. 11. 14.]
 [32. 29. 36.  0. 40. 13. 42.  0.]
 [37.  0. 31.  0. 45.  0. 15. 12.]
 [ 0.  0.  0. 39.  0. 41.  0. 43.]
 [ 0. 38.  0.  0.  0. 44.  0.  0.]]
Enter move number(1-8): 6
[[24. 27. 20.  0.  8.  5. 18.  3.]
 [21. 34. 23. 26. 19.  2.  7. 10.]
 [28. 25.  0. 35.  6.  9.  4. 17.]
 [ 0. 22. 33. 30.  1. 16. 11. 14.]
 [32. 29. 36.  0. 40. 13. 42.  0.]
 [37.  0. 31.  0. 45.  0. 15. 12.]
 [ 0.  0.  0. 39.  0. 41.  0. 43.]
 [ 0. 38.  0. 46.  0. 44.  0.  0.]]
Enter move number(1-8): 4
[[24. 27. 20.  0.  8.  5. 18.  3.]
 [21. 34. 23. 26. 19.  2.  7. 10.]
 [28. 25.  0. 35.  6.  9.  4. 17.]
 [ 0. 22. 33. 30.  1. 16. 11. 14.]
 [32. 29. 36.  0. 40. 13. 42.  0.]
 [37.  0. 31.  0. 45.  0. 15. 12.]
 [ 0. 47.  0. 39.  0. 41.  0. 43.]
 [ 0. 38.  0. 46.  0. 44.  0.  0.]]
Enter move number(1-8): 1
[[24. 27. 20.  0.  8.  5. 18.  3.]
 [21. 34. 23. 26. 19.  2.  7. 10.]
 [28. 25.  0. 35.  6.  9.  4. 17.]
 [ 0. 22. 33. 30.  1. 16. 11. 14.]
 [32. 29. 36.  0. 40. 13. 42.  0.]
 [37.  0. 31. 48. 45.  0. 15. 12.]
 [ 0. 47.  0. 39.  0. 41.  0. 43.]
 [ 0. 38.  0. 46.  0. 44.  0.  0.]]
Enter move number(1-8): 7
[[24. 27. 20.  0.  8.  5. 18.  3.]
 [21. 34. 23. 26. 19.  2.  7. 10.]
 [28. 25.  0. 35.  6.  9.  4. 17.]
 [ 0. 22. 33. 30.  1. 16. 11. 14.]
 [32. 29. 36.  0. 40. 13. 42.  0.]
 [37.  0. 31. 48. 45.  0. 15. 12.]
 [ 0. 47.  0. 39.  0. 41.  0. 43.]
 [ 0. 38.  0. 46. 49. 44.  0.  0.]]
Enter move number(1-8): 1
[[24. 27. 20.  0.  8.  5. 18.  3.]
 [21. 34. 23. 26. 19.  2.  7. 10.]
 [28. 25.  0. 35.  6.  9.  4. 17.]
 [ 0. 22. 33. 30.  1. 16. 11. 14.]
 [32. 29. 36.  0. 40. 13. 42.  0.]
 [37.  0. 31. 48. 45.  0. 15. 12.]
 [ 0. 47.  0. 39.  0. 41. 50. 43.]
 [ 0. 38.  0. 46. 49. 44.  0.  0.]]
Enter move number(1-8): 2
[[24. 27. 20.  0.  8.  5. 18.  3.]
 [21. 34. 23. 26. 19.  2.  7. 10.]
 [28. 25.  0. 35.  6.  9.  4. 17.]
 [ 0. 22. 33. 30.  1. 16. 11. 14.]
 [32. 29. 36.  0. 40. 13. 42. 51.]
 [37.  0. 31. 48. 45.  0. 15. 12.]
 [ 0. 47.  0. 39.  0. 41. 50. 43.]
 [ 0. 38.  0. 46. 49. 44.  0.  0.]]
Enter move number(1-8): 5
[[24. 27. 20.  0.  8.  5. 18.  3.]
 [21. 34. 23. 26. 19.  2.  7. 10.]
 [28. 25.  0. 35.  6.  9.  4. 17.]
 [ 0. 22. 33. 30.  1. 16. 11. 14.]
 [32. 29. 36.  0. 40. 13. 42. 51.]
 [37.  0. 31. 48. 45. 52. 15. 12.]
 [ 0. 47.  0. 39.  0. 41. 50. 43.]
 [ 0. 38.  0. 46. 49. 44.  0.  0.]]
Enter move number(1-8): 7
[[24. 27. 20.  0.  8.  5. 18.  3.]
 [21. 34. 23. 26. 19.  2.  7. 10.]
 [28. 25.  0. 35.  6.  9.  4. 17.]
 [ 0. 22. 33. 30.  1. 16. 11. 14.]
 [32. 29. 36.  0. 40. 13. 42. 51.]
 [37.  0. 31. 48. 45. 52. 15. 12.]
 [ 0. 47.  0. 39.  0. 41. 50. 43.]
 [ 0. 38.  0. 46. 49. 44. 53.  0.]]
Enter move number(1-8): 4
[[24. 27. 20.  0.  8.  5. 18.  3.]
 [21. 34. 23. 26. 19.  2.  7. 10.]
 [28. 25.  0. 35.  6.  9.  4. 17.]
 [ 0. 22. 33. 30.  1. 16. 11. 14.]
 [32. 29. 36.  0. 40. 13. 42. 51.]
 [37.  0. 31. 48. 45. 52. 15. 12.]
 [ 0. 47.  0. 39. 54. 41. 50. 43.]
 [ 0. 38.  0. 46. 49. 44. 53.  0.]]
Enter move number(1-8): 5
[[24. 27. 20.  0.  8.  5. 18.  3.]
 [21. 34. 23. 26. 19.  2.  7. 10.]
 [28. 25.  0. 35.  6.  9.  4. 17.]
 [ 0. 22. 33. 30.  1. 16. 11. 14.]
 [32. 29. 36.  0. 40. 13. 42. 51.]
 [37.  0. 31. 48. 45. 52. 15. 12.]
 [ 0. 47.  0. 39. 54. 41. 50. 43.]
 [ 0. 38. 55. 46. 49. 44. 53.  0.]]
Enter move number(1-8): 4
[[24. 27. 20.  0.  8.  5. 18.  3.]
 [21. 34. 23. 26. 19.  2.  7. 10.]
 [28. 25.  0. 35.  6.  9.  4. 17.]
 [ 0. 22. 33. 30.  1. 16. 11. 14.]
 [32. 29. 36.  0. 40. 13. 42. 51.]
 [37.  0. 31. 48. 45. 52. 15. 12.]
 [56. 47.  0. 39. 54. 41. 50. 43.]
 [ 0. 38. 55. 46. 49. 44. 53.  0.]]
Enter move number(1-8): 2
The knight has already visted this square.
[[24. 27. 20.  0.  8.  5. 18.  3.]
 [21. 34. 23. 26. 19.  2.  7. 10.]
 [28. 25.  0. 35.  6.  9.  4. 17.]
 [ 0. 22. 33. 30.  1. 16. 11. 14.]
 [32. 29. 36.  0. 40. 13. 42. 51.]
 [37.  0. 31. 48. 45. 52. 15. 12.]
 [56. 47.  0. 39. 54. 41. 50. 43.]
 [ 0. 38. 55. 46. 49. 44. 53.  0.]]
Enter move number(1-8): 1
The knight has already visted this square.
[[24. 27. 20.  0.  8.  5. 18.  3.]
 [21. 34. 23. 26. 19.  2.  7. 10.]
 [28. 25.  0. 35.  6.  9.  4. 17.]
 [ 0. 22. 33. 30.  1. 16. 11. 14.]
 [32. 29. 36.  0. 40. 13. 42. 51.]
 [37.  0. 31. 48. 45. 52. 15. 12.]
 [56. 47.  0. 39. 54. 41. 50. 43.]
 [ 0. 38. 55. 46. 49. 44. 53.  0.]]
Enter move number(1-8): 3
The knight will land off the chessboard.
[[24. 27. 20.  0.  8.  5. 18.  3.]
 [21. 34. 23. 26. 19.  2.  7. 10.]
 [28. 25.  0. 35.  6.  9.  4. 17.]
 [ 0. 22. 33. 30.  1. 16. 11. 14.]
 [32. 29. 36.  0. 40. 13. 42. 51.]
 [37.  0. 31. 48. 45. 52. 15. 12.]
 [56. 47.  0. 39. 54. 41. 50. 43.]
 [ 0. 38. 55. 46. 49. 44. 53.  0.]]
Enter move number(1-8): 4
The knight will land off the chessboard.
[[24. 27. 20.  0.  8.  5. 18.  3.]
 [21. 34. 23. 26. 19.  2.  7. 10.]
 [28. 25.  0. 35.  6.  9.  4. 17.]
 [ 0. 22. 33. 30.  1. 16. 11. 14.]
 [32. 29. 36.  0. 40. 13. 42. 51.]
 [37.  0. 31. 48. 45. 52. 15. 12.]
 [56. 47.  0. 39. 54. 41. 50. 43.]
 [ 0. 38. 55. 46. 49. 44. 53.  0.]]
Enter move number(1-8): 5
The knight will land off the chessboard.
[[24. 27. 20.  0.  8.  5. 18.  3.]
 [21. 34. 23. 26. 19.  2.  7. 10.]
 [28. 25.  0. 35.  6.  9.  4. 17.]
 [ 0. 22. 33. 30.  1. 16. 11. 14.]
 [32. 29. 36.  0. 40. 13. 42. 51.]
 [37.  0. 31. 48. 45. 52. 15. 12.]
 [56. 47.  0. 39. 54. 41. 50. 43.]
 [ 0. 38. 55. 46. 49. 44. 53.  0.]]
Enter move number(1-8): 6
The knight will land off the chessboard.
[[24. 27. 20.  0.  8.  5. 18.  3.]
 [21. 34. 23. 26. 19.  2.  7. 10.]
 [28. 25.  0. 35.  6.  9.  4. 17.]
 [ 0. 22. 33. 30.  1. 16. 11. 14.]
 [32. 29. 36.  0. 40. 13. 42. 51.]
 [37.  0. 31. 48. 45. 52. 15. 12.]
 [56. 47.  0. 39. 54. 41. 50. 43.]
 [ 0. 38. 55. 46. 49. 44. 53.  0.]]
